4 
2331 
1213 
1231 
3110 
4 
3332 
1213 
1232 
2120 
5 
11111 
11111 
11111 
11111 
11111
35
11111111111111111111111111111111111
11111111111111111111111111111111111
11111111111111111111111111111111111
11111111111111111111111111111111111
11111111111111111111111111111111111
11111111111111111111111111111111111
11111111111111111111111111111111111
11111111111111111111111111111111111
11111111111111111111111111111111111
11111111111111111111111111111111111
11111111111111111111111111111111111
11111111111111111111111111111111111
11111111111111111111111111111111111
11111111111111111111111111111111111
11111111111111111111111111111111111
11111111111111111111111111111111111
11111111111111111111111111111111111
11111111111111111111111111111111111
11111111111111111111111111111111111
11111111111111111111111111111111111
11111111111111111111111111111111111
11111111111111111111111111111111111
11111111111111111111111111111111111
11111111111111111111111111111111111
11111111111111111111111111111111111
11111111111111111111111111111111111
11111111111111111111111111111111111
11111111111111111111111111111111111
11111111111111111111111111111111111
11111111111111111111111111111111111
11111111111111111111111111111111111
11111111111111111111111111111111111
11111111111111111111111111111111111
11111111111111111111111111111111111
11111111111111111111111111111111111 
-1